010101010101010101010101010101010101010202020202020202020220202020202020202020202
010101010101010101010101010101010101010202020202020202020220202020202020202020202
010101010101010101010101010101010101010202020202020202020220202020202020202020202
010101010101010101010101010101010101010202020202020202020220202020202020202020202
010101010101010101010101010101010101010202020202020202020220202020202020202020202
010101010101010101010101010101010101010202020202020202020220202020202020202020202
010101010101010101010101010101010101010202020202020202020220202020202020202020202
010101010101010101010101010101010101010202020202020202020220202020202020202020202
010101010101010101010101010101010101010202020202020202020220202020202020202020202
010101010101010101010101010101010101010202020202020202020220202020202020202020202
010101010101010101010101010101010101010202020202020202020220202020202020202020202
010101010101010101010101010101010101010202020202020202020220202020202020202020202
010101010101010101010101010101010101010202020202020202020220202020202020202020202
010101010101010101010101010101010101010202020202020202020220202020202020202020202
010101010101010101010101010101010101010202020202020202020220202020202020202020202
010101010101010101010101010101010101010202020202020202020220202020202020202020202
010101010101010101010101010101010101010202020202020202020220202020202020202020202
030303030303030303030303030303030303030404040404040404040404040404040404040404040
030303030303030303030303030303030303030404040404040404040404040404040404040404040
030303030303030303030303030303030303030404040404040404040404040404040404040404040
030303030303030303030303030303030303030404040404040404040404040404040404040404040
030303030303030303030303030303030303030404040404040404040404040404040404040404040
030303030303030303030303030303030303030404040404040404040404040404040404040404040
030303030303030303030303030303030303030404040404040404040404040404040404040404040
030303030303030303030303030303030303030404040404040404040404040404040404040404040
030303030303030303030303030303030303030404040404040404040404040404040404040404040
030303030303030303030303030303030303030404040404040404040404040404040404040404040
030303030303030303030303030303030303030404040404040404040404040404040404040404040
030303030303030303030303030303030303030404040404040404040404040404040404040404040
030303030303030303030303030303030303030404040404040404040404040404040404040404040
030303030303030303030303030303030303030404040404040404040404040404040404040404040
030303030303030303030303030303030303030404040404040404040404040404040404040404040
030303030303030303030303030303030303030404040404040404040404040404040404040404040
030303030303030303030303030303030303030404040404040404040404040404040404040404040
030303030303030303030303030303030303030404040404040404040404040404040404040404040
030303030303030303030303030303030303030404040404040404040404040404040404040404040
030303030303030303030303030303030303030404040404040404040404040404040404040404040
030303030303030303030303030303030303030404040404040404040404040404040404040404040